word;frequency;cobertura;word_order
be;0.0562;0.0562;1
I;0.0395;0.0957;2
it;0.0316;0.1273;3
go;0.0304;0.1577;4
that;0.0253;0.183;5
no;0.0233;0.2063;6
do;0.0217;0.228;7
the;0.0207;0.2487;8
not;0.0192;0.2679;9
you;0.0189;0.2867;10
and;0.0185;0.3052;11
one;0.0176;0.3228;12
there;0.0169;0.3397;13
get;0.0158;0.3555;14
oh;0.0158;0.3713;15
this;0.0141;0.3854;16
want;0.0128;0.3981;17
to;0.0127;0.4108;18
in;0.0125;0.4233;19
on;0.0121;0.4355;20
my;0.0098;0.4453;21
have;0.0098;0.455;22
what;0.0093;0.4644;23
he;0.0089;0.4732;24
yes;0.0073;0.4806;25
can;0.0069;0.4874;26
here;0.0068;0.4942;27
where;0.0067;0.5009;28
look;0.0066;0.5075;29
me;0.0064;0.514;30
put;0.0063;0.5203;31
some;0.0060;0.5263;32
like;0.0059;0.5322;33
we;0.0051;0.5373;34
cannot;0.0049;0.5421;35
come;0.0046;0.5468;36
for;0.0040;0.5507;37
up;0.0040;0.5547;38
two;0.0039;0.5586;39
make;0.0038;0.5624;40
they;0.0038;0.5662;41
big;0.0037;0.5698;42
um;0.0036;0.5735;43
just;0.0034;0.5769;44
them;0.0034;0.5803;45
out;0.0033;0.5837;46
another;0.0033;0.587;47
all;0.0033;0.5902;48
why;0.0033;0.5935;49
car;0.0032;0.5967;50
will;0.0032;0.6;51
down;0.0029;0.6029;52
see;0.0029;0.6058;53
baby;0.0029;0.6087;54
because;0.0028;0.6115;55
little;0.0028;0.6143;56
play;0.0027;0.617;57
bite;0.0027;0.6196;58
off;0.0027;0.6224;59
know;0.0026;0.625;60
your;0.0024;0.6274;61
these;0.0023;0.6297;62
with;0.0022;0.6319;63
again;0.0021;0.634;64
more;0.0021;0.6362;65
of;0.0021;0.6382;66
eat;0.0021;0.6403;67
her;0.0020;0.6423;68
back;0.0019;0.6442;69
at;0.0018;0.646;70
him;0.0018;0.6477;71
let;0.0018;0.6495;72
mine;0.0018;0.6514;73
need;0.0018;0.6532;74
sit;0.0017;0.6549;75
too;0.0017;0.6566;76
find;0.0017;0.6582;77
say;0.0016;0.6598;78
three;0.0016;0.6614;79
his;0.0016;0.6629;80
over;0.0015;0.6645;81
house;0.0014;0.6659;82
please;0.0014;0.6673;83
right;0.0014;0.6687;84
she;0.0013;0.67;85
then;0.0013;0.6713;86
away;0.0013;0.6726;87
fall;0.0012;0.6738;88
very;0.0012;0.675;89
hello;0.0012;0.6762;90
blue;0.0011;0.6773;91
way;0.0011;0.6784;92
huh;0.0011;0.6795;93
red;0.0011;0.6806;94
Man;0.0010;0.6816;95
who;0.0010;0.6825;96
open;0.0010;0.6835;97
maybe;0.0009;0.6845;98
but;0.0009;0.6854;99
green;0.0009;0.6863;100
those;0.0009;0.6872;101
bed;0.0009;0.6881;102
stop;0.0009;0.6889;103
other;0.0008;0.6898;104
drink;0.0008;0.6906;105
when;0.0008;0.6914;106
door;0.0008;0.6922;107
nice;0.0008;0.6931;108
something;0.0007;0.6938;109
buy;0.0007;0.6945;110
home;0.0007;0.6952;111
top;0.0007;0.6959;112
hand;0.0007;0.6965;113
give;0.0007;0.6972;114
toy;0.0007;0.6979;115
about;0.0007;0.6985;116
water;0.0007;0.6993;117
so;0.0007;0.6999;118
dog;0.0007;0.7006;119
horse;0.0007;0.7013;120
hold;0.0006;0.702;121
watch;0.0006;0.7025;122
good;0.0006;0.7031;123
five;0.0006;0.7037;124
box;0.0006;0.7043;125
hair;0.0006;0.7049;126
ball;0.0006;0.7055;127
hot;0.0006;0.7061;128
better;0.0006;0.7067;129
thing;0.0006;0.7074;130
jump;0.0005;0.7079;131
run;0.0005;0.7084;132
any;0.0005;0.7089;133
fire;0.0005;0.7094;134
girl;0.0005;0.7099;135
only;0.0005;0.7104;136
help;0.0005;0.7109;137
foot;0.0005;0.7114;138
cup;0.0005;0.7118;139
time;0.0005;0.7123;140
head;0.0005;0.7129;141
yours;0.0005;0.7134;142
black;0.0005;0.7139;143
today;0.0005;0.7143;144
turn;0.0005;0.7148;145
bye;0.0005;0.7153;146
try;0.0005;0.7159;147
cut;0.0005;0.7164;148
how;0.0005;0.7169;149
boy;0.0005;0.7174;150
call;0.0005;0.7178;151
chair;0.0004;0.7182;152
wait;0.0004;0.7186;153
an;0.0004;0.719;154
throw;0.0004;0.7194;155
ready;0.0004;0.7198;156
from;0.0004;0.7202;157
finger;0.0004;0.7206;158
push;0.0004;0.721;159
leave;0.0004;0.7215;160
move;0.0004;0.7219;161
yet;0.0004;0.7223;162
still;0.0003;0.7226;163
room;0.0003;0.7228;164
really;0.0003;0.7231;165
doctor;0.0003;0.7234;166
long;0.0003;0.7237;167
paint;0.0003;0.7241;168
could;0.0003;0.7244;169
new;0.0003;0.7247;170
if;0.0003;0.7249;171
piece;0.0003;0.7253;172
through;0.0003;0.7256;173
which;0.0003;0.726;174
duck;0.0003;0.7262;175
name;0.0003;0.7265;176
juice;0.0003;0.7268;177
lot;0.0003;0.7271;178
well;0.0003;0.7274;179
day;0.0003;0.7277;180
or;0.0003;0.728;181
first;0.0003;0.7283;182
must;0.0003;0.7286;183
tree;0.0003;0.7289;184
catch;0.0003;0.7292;185
fix;0.0003;0.7295;186
people;0.0003;0.7298;187
somebody;0.0003;0.7301;188
next;0.0003;0.7304;189
pick;0.0003;0.7306;190
same;0.0002;0.7309;191
after;0.0002;0.7311;192
by;0.0002;0.7313;193
our;0.0002;0.7315;194
hear;0.0002;0.7317;195
else;0.0002;0.7319;196
ride;0.0002;0.7321;197
inside;0.0002;0.7323;198
much;0.0002;0.7325;199
bird;0.0002;0.7327;200
shut;0.0002;0.7329;201
would;0.0002;0.7331;202
mean;0.0002;0.7332;203
side;0.0002;0.7334;204
bad;0.0002;0.7336;205
saw;0.0002;0.7338;206
last;0.0002;0.734;207
face;0.0002;0.7342;208
tell;0.0002;0.7344;209
old;0.0002;0.7346;210
sometimes;0.0002;0.7348;211
different;0.0002;0.735;212
together;0.0002;0.7351;213
cause;0.0002;0.7353;214
show;0.0002;0.7355;215
their;0.0001;0.7357;216
everybody;0.0001;0.7358;217
bean;0.0001;0.7359;218
us;0.0001;0.736;219
ah;0.0001;0.7361;220
around;0.0001;0.7362;221
never;0.0001;0.7363;222
already;0.0001;0.7364;223
corn;0.0001;0.7364;224
everything;0.0001;0.7365;225
myself;0.0001;0.7366;226
lunch;0.0001;0.7368;227
middle;0.0001;0.7369;228
lift;0.0001;0.737;229
remember;0.0001;0.7371;230
high;0.0001;0.7372;231
swing;0.0001;0.7373;232
stuff;0.0001;0.7374;233
use;0.0001;0.7375;234
many;0.0001;0.7376;235
fly;0.0001;0.7377;236
tape;0.0001;0.7379;237
as;0.0001;0.7379;238
somewhere;0.0001;0.738;239
both;0.0001;0.7381;240
someone;0.0001;0.7381;241
bet;0.0000;0.7381;242
even;0.0000;0.7381;243
than;0.0000;0.7382;244
ours;0.0000;0.7382;245
hill;0.0000;0.7382;246
messy;0.0000;0.7382;247
while;0.0000;0.7383;248
almost;0.0000;0.7383;249
may;0.0000;0.7383;250
guy;0.0000;0.7383;251
great;0.0000;0.7384;252
turtle;0.0000;0.7384;253
ha;0.0000;0.7384;254
bug;0.0000;0.7384;255
kind;0.0000;0.7384;256
before;0.0000;0.7384;257
bathroom;0.0000;0.7384;258
wa;0.0000;0.7385;259
candy;0.0000;0.7385;260
leaf;0.0000;0.7385;261
ya;0.0000;0.7385;262
Jumping;0.0000;0.7385;263
whole;0.0000;0.7385;264
hi;0.0000;0.7385;265
ant;0.0000;0.7386;266
