word;frequency;cobertura;word_order
be;0.0464;0.0464;1
there;0.0344;0.0808;2
no;0.0333;0.1141;3
it;0.0319;0.146;4
that;0.0315;0.1776;5
I;0.0296;0.2072;6
go;0.0260;0.2332;7
the;0.0221;0.2553;8
oh;0.0205;0.2758;9
one;0.0184;0.2941;10
on;0.0183;0.3125;11
in;0.0166;0.3291;12
get;0.0150;0.3441;13
want;0.0126;0.3568;14
do;0.0125;0.3692;15
this;0.0115;0.3807;16
not;0.0113;0.392;17
and;0.0085;0.4005;18
my;0.0082;0.4086;19
you;0.0077;0.4164;20
me;0.0070;0.4234;21
yes;0.0069;0.4303;22
what;0.0066;0.4369;23
where;0.0064;0.4433;24
here;0.0062;0.4495;25
car;0.0061;0.4555;26
down;0.0060;0.4616;27
to;0.0058;0.4674;28
look;0.0057;0.473;29
put;0.0056;0.4786;30
out;0.0054;0.484;31
he;0.0054;0.4894;32
come;0.0052;0.4946;33
have;0.0052;0.4998;34
more;0.0049;0.5046;35
up;0.0048;0.5094;36
some;0.0041;0.5136;37
two;0.0041;0.5176;38
like;0.0040;0.5216;39
off;0.0039;0.5256;40
cannot;0.0038;0.5293;41
make;0.0035;0.5329;42
um;0.0035;0.5363;43
big;0.0034;0.5397;44
again;0.0033;0.543;45
another;0.0032;0.5462;46
sit;0.0032;0.5494;47
baby;0.0032;0.5526;48
back;0.0029;0.5555;49
huh;0.0026;0.5581;50
play;0.0024;0.5605;51
need;0.0023;0.5628;52
eat;0.0023;0.5651;53
all;0.0022;0.5673;54
away;0.0022;0.5695;55
man;0.0021;0.5716;56
blue;0.0021;0.5738;57
please;0.0021;0.5759;58
little;0.0021;0.5779;59
just;0.0020;0.5799;60
see;0.0020;0.5819;61
red;0.0020;0.5839;62
fall;0.0019;0.5858;63
mine;0.0019;0.5877;64
bite;0.0019;0.5896;65
find;0.0019;0.5915;66
over;0.0017;0.5933;67
toy;0.0017;0.595;68
for;0.0016;0.5966;69
green;0.0016;0.5982;70
Way;0.0016;0.5998;71
box;0.0016;0.6014;72
they;0.0016;0.6029;73
three;0.0016;0.6045;74
know;0.0015;0.6061;75
house;0.0015;0.6075;76
too;0.0015;0.6091;77
horse;0.0015;0.6105;78
these;0.0014;0.612;79
your;0.0014;0.6133;80
those;0.0014;0.6147;81
can;0.0013;0.616;82
other;0.0012;0.6172;83
drink;0.0012;0.6184;84
stop;0.0012;0.6195;85
we;0.0012;0.6207;86
fix;0.0012;0.6219;87
hello;0.0012;0.623;88
open;0.0012;0.6242;89
them;0.0011;0.6252;90
door;0.0011;0.6263;91
right;0.0010;0.6273;92
hot;0.0010;0.6283;93
of;0.0010;0.6293;94
at;0.0009;0.6302;95
top;0.0009;0.6311;96
let;0.0009;0.632;97
with;0.0009;0.6329;98
five;0.0009;0.6338;99
water;0.0009;0.6347;100
his;0.0009;0.6356;101
dog;0.0009;0.6365;102
him;0.0008;0.6373;103
duck;0.0008;0.6381;104
nice;0.0008;0.6389;105
her;0.0008;0.6397;106
boy;0.0008;0.6405;107
chair;0.0007;0.6412;108
say;0.0007;0.6419;109
hand;0.0007;0.6426;110
foot;0.0007;0.6432;111
who;0.0007;0.6439;112
bed;0.0007;0.6446;113
turn;0.0007;0.6454;114
juice;0.0007;0.6461;115
push;0.0007;0.6468;116
head;0.0007;0.6475;117
jump;0.0006;0.6481;118
watch;0.0006;0.6486;119
buy;0.0006;0.6493;120
good;0.0006;0.6498;121
throw;0.0006;0.6504;122
cup;0.0006;0.651;123
very;0.0006;0.6516;124
hair;0.0006;0.6522;125
ball;0.0006;0.6528;126
move;0.0006;0.6534;127
will;0.0006;0.654;128
she;0.0005;0.6545;129
run;0.0005;0.655;130
home;0.0005;0.6555;131
piece;0.0005;0.656;132
hold;0.0005;0.6565;133
help;0.0005;0.657;134
tree;0.0005;0.6575;135
better;0.0005;0.658;136
fly;0.0005;0.6585;137
fire;0.0004;0.6589;138
ride;0.0004;0.6593;139
bye;0.0004;0.6597;140
through;0.0004;0.6601;141
ready;0.0004;0.6605;142
black;0.0004;0.6609;143
why;0.0004;0.6614;144
pick;0.0004;0.6617;145
leave;0.0004;0.6621;146
tape;0.0004;0.6625;147
cut;0.0004;0.6629;148
wait;0.0003;0.6632;149
paint;0.0003;0.6635;150
girl;0.0003;0.6638;151
bird;0.0003;0.664;152
shut;0.0003;0.6643;153
then;0.0003;0.6646;154
last;0.0003;0.6649;155
try;0.0003;0.6652;156
catch;0.0003;0.6656;157
people;0.0003;0.6659;158
time;0.0003;0.6662;159
yet;0.0003;0.6665;160
call;0.0003;0.6667;161
room;0.0002;0.6669;162
doctor;0.0002;0.6671;163
yours;0.0002;0.6674;164
side;0.0002;0.6675;165
something;0.0002;0.6677;166
any;0.0002;0.6679;167
bean;0.0002;0.6681;168
give;0.0002;0.6683;169
because;0.0002;0.6685;170
name;0.0002;0.6687;171
about;0.0002;0.6689;172
lot;0.0002;0.669;173
only;0.0002;0.6692;174
well;0.0002;0.6693;175
finger;0.0002;0.6696;176
day;0.0002;0.6698;177
first;0.0002;0.67;178
high;0.0002;0.6702;179
must;0.0002;0.6704;180
so;0.0002;0.6706;181
face;0.0002;0.6709;182
next;0.0002;0.6711;183
how;0.0002;0.6713;184
show;0.0002;0.6714;185
thing;0.0002;0.6716;186
same;0.0001;0.6718;187
still;0.0001;0.6719;188
really;0.0001;0.672;189
great;0.0001;0.6721;190
long;0.0001;0.6722;191
hill;0.0001;0.6723;192
by;0.0001;0.6725;193
remember;0.0001;0.6725;194
everybody;0.0001;0.6726;195
our;0.0001;0.6727;196
an;0.0001;0.6728;197
new;0.0001;0.673;198
could;0.0001;0.6731;199
turtle;0.0001;0.6731;200
around;0.0001;0.6732;201
never;0.0001;0.6733;202
ah;0.0001;0.6734;203
would;0.0001;0.6735;204
maybe;0.0001;0.6736;205
from;0.0001;0.6737;206
lift;0.0001;0.6738;207
today;0.0001;0.6739;208
bad;0.0001;0.674;209
different;0.0001;0.674;210
saw;0.0001;0.6741;211
inside;0.0001;0.6742;212
tell;0.0001;0.6743;213
old;0.0001;0.6744;214
swing;0.0001;0.6745;215
hear;0.0001;0.6746;216
else;0.0001;0.6747;217
together;0.0001;0.6748;218
ant;0.0001;0.6749;219
bet;0.0000;0.6749;220
their;0.0000;0.6749;221
after;0.0000;0.675;222
when;0.0000;0.675;223
while;0.0000;0.675;224
if;0.0000;0.675;225
also;0.0000;0.675;226
us;0.0000;0.6751;227
already;0.0000;0.6751;228
corn;0.0000;0.6751;229
much;0.0000;0.6752;230
which;0.0000;0.6752;231
ha;0.0000;0.6752;232
kind;0.0000;0.6752;233
before;0.0000;0.6752;234
myself;0.0000;0.6753;235
whole;0.0000;0.6753;236
mean;0.0000;0.6753;237
sometimes;0.0000;0.6754;238
everything;0.0000;0.6754;239
lunch;0.0000;0.6754;240
middle;0.0000;0.6755;241
but;0.0000;0.6755;242
hi;0.0000;0.6755;243
even;0.0000;0.6755;244
pet;0.0000;0.6756;245
bug;0.0000;0.6756;246
leaf;0.0000;0.6756;247
or;0.0000;0.6757;248
stuff;0.0000;0.6757;249
use;0.0000;0.6757;250
many;0.0000;0.6757;251
somebody;0.0000;0.6758;252
as;0.0000;0.6758;253
than;0.0000;0.6758;254
ya;0.0000;0.6758;255
messy;0.0000;0.6758;256
somewhere;0.0000;0.6759;257
both;0.0000;0.6759;258
most;0.0000;0.6759;259
cause;0.0000;0.6759;260
May;0.0000;0.676;261
someone;0.0000;0.676;262
