word;frequency;cobertura;word_order
be;0.0649;0.0649;1
I;0.0455;0.1104;2
the;0.0287;0.1391;3
it;0.0268;0.1658;4
do;0.0257;0.1916;5
a;0.0247;0.2163;6
and;0.0227;0.2389;7
you;0.0211;0.26;8
that;0.0207;0.2807;9
go;0.0184;0.2991;10
not;0.0182;0.3173;11
yeah;0.0161;0.3334;12
he;0.0155;0.3489;13
want;0.0155;0.3644;14
no;0.0150;0.3794;15
one;0.0146;0.3939;16
to;0.0137;0.4077;17
there;0.0134;0.4211;18
what;0.0133;0.4343;19
get;0.0127;0.4471;20
in;0.0125;0.4596;21
have;0.0112;0.4708;22
this;0.0107;0.4814;23
my;0.0106;0.492;24
they;0.0079;0.4999;25
will;0.0075;0.5075;26
yes;0.0066;0.5141;27
them;0.0065;0.5206;28
she;0.0062;0.5268;29
know;0.0062;0.533;30
see;0.0059;0.5389;31
on;0.0057;0.5446;32
come;0.0055;0.5501;33
all;0.0054;0.5555;34
here;0.0053;0.5608;35
we;0.0052;0.566;36
me;0.0052;0.5712;37
well;0.0050;0.5762;38
look;0.0049;0.5811;39
up;0.0047;0.5858;40
big;0.0047;0.5905;41
just;0.0046;0.5951;42
him;0.0046;0.5998;43
of;0.0046;0.6044;44
like;0.0045;0.6089;45
for;0.0045;0.6134;46
play;0.0045;0.6178;47
where;0.0043;0.6222;48
can;0.0040;0.6261;49
with;0.0040;0.6302;50
now;0.0037;0.6338;51
then;0.0037;0.6375;52
oh;0.0035;0.641;53
but;0.0035;0.6445;54
two;0.0034;0.6479;55
put;0.0032;0.6511;56
his;0.0031;0.6542;57
why;0.0029;0.6572;58
um;0.0027;0.6598;59
at;0.0025;0.6623;60
say;0.0025;0.6648;61
down;0.0025;0.6673;62
thing;0.0025;0.6698;63
your;0.0024;0.6722;64
when;0.0023;0.6745;65
out;0.0021;0.6766;66
off;0.0020;0.6786;67
give;0.0020;0.6807;68
need;0.0020;0.6827;69
her;0.0019;0.6846;70
these;0.0019;0.6866;71
bring;0.0018;0.6883;72
eat;0.0018;0.6901;73
so;0.0017;0.6918;74
too;0.0017;0.6935;75
break;0.0017;0.6953;76
think;0.0017;0.697;77
some;0.0016;0.6986;78
bite;0.0016;0.7002;79
man;0.0015;0.7017;80
right;0.0015;0.7032;81
make;0.0014;0.7046;82
back;0.0013;0.7059;83
four;0.0013;0.7071;84
take;0.0013;0.7084;85
over;0.0013;0.7097;86
call;0.0013;0.711;87
other;0.0012;0.7122;88
another;0.0012;0.7135;89
let;0.0012;0.7147;90
only;0.0012;0.7159;91
how;0.0012;0.7171;92
boy;0.0012;0.7184;93
away;0.0011;0.7195;94
today;0.0011;0.7206;95
work;0.0011;0.7217;96
about;0.0011;0.7228;97
sit;0.0011;0.7239;98
girl;0.0011;0.725;99
any;0.0011;0.7261;100
because;0.0011;0.7273;101
ah;0.0011;0.7283;102
if;0.0010;0.7293;103
something;0.0010;0.7303;104
three;0.0010;0.7313;105
huh;0.0010;0.7323;106
who;0.0010;0.7333;107
find;0.0010;0.7343;108
time;0.0010;0.7354;109
very;0.0010;0.7364;110
from;0.0010;0.7373;111
really;0.0009;0.7382;112
bad;0.0009;0.7391;113
red;0.0009;0.74;114
open;0.0009;0.7409;115
watch;0.0008;0.7417;116
day;0.0008;0.7425;117
or;0.0008;0.7433;118
again;0.0008;0.7441;119
hit;0.0008;0.7449;120
school;0.0008;0.7457;121
name;0.0008;0.7465;122
way;0.0007;0.7472;123
love;0.0007;0.7478;124
baby;0.0007;0.7485;125
good;0.0007;0.7492;126
home;0.0007;0.7499;127
tell;0.0007;0.7506;128
try;0.0007;0.7513;129
read;0.0007;0.752;130
more;0.0007;0.7527;131
hard;0.0007;0.7534;132
else;0.0007;0.7541;133
maybe;0.0007;0.7548;134
draw;0.0007;0.7556;135
their;0.0006;0.7562;136
mine;0.0006;0.7568;137
stay;0.0006;0.7574;138
remember;0.0006;0.758;139
eight;0.0006;0.7587;140
book;0.0006;0.7593;141
friend;0.0006;0.7599;142
keep;0.0006;0.7605;143
help;0.0006;0.7611;144
five;0.0006;0.7617;145
okay;0.0006;0.7624;146
show;0.0006;0.763;147
new;0.0006;0.7636;148
same;0.0006;0.7642;149
hi;0.0006;0.7648;150
lose;0.0005;0.7653;151
still;0.0005;0.7658;152
hold;0.0005;0.7663;153
feel;0.0005;0.7668;154
real;0.0005;0.7674;155
run;0.0005;0.7679;156
six;0.0005;0.7684;157
game;0.0005;0.7689;158
Mrs;0.0005;0.7695;159
throw;0.0005;0.77;160
into;0.0005;0.7705;161
seven;0.0005;0.771;162
yours;0.0005;0.7715;163
after;0.0004;0.772;164
water;0.0004;0.7724;165
nothing;0.0004;0.7728;166
catch;0.0004;0.7732;167
last;0.0004;0.7736;168
night;0.0004;0.774;169
talk;0.0004;0.7744;170
move;0.0004;0.7748;171
happy;0.0004;0.7752;172
dad;0.0004;0.7757;173
people;0.0004;0.7761;174
never;0.0004;0.7765;175
fish;0.0004;0.777;176
minute;0.0004;0.7774;177
stop;0.0004;0.7778;178
old;0.0003;0.7782;179
turn;0.0003;0.7785;180
juice;0.0003;0.7788;181
wait;0.0003;0.7792;182
everything;0.0003;0.7795;183
ball;0.0003;0.7798;184
close;0.0003;0.7801;185
by;0.0003;0.7804;186
our;0.0003;0.7806;187
outside;0.0003;0.7809;188
hey;0.0003;0.7813;189
leave;0.0003;0.7816;190
nice;0.0003;0.7819;191
hate;0.0003;0.7822;192
us;0.0003;0.7825;193
first;0.0003;0.7829;194
hello;0.0003;0.7832;195
ten;0.0003;0.7834;196
next;0.0003;0.7837;197
nine;0.0003;0.784;198
stuff;0.0003;0.7842;199
use;0.0003;0.7846;200
cry;0.0003;0.7848;201
finish;0.0003;0.7851;202
please;0.0003;0.7854;203
wrong;0.0003;0.7857;204
animal;0.0003;0.786;205
mean;0.0003;0.7862;206
eye;0.0003;0.7866;207
fall;0.0003;0.7869;208
wear;0.0003;0.7871;209
miss;0.0003;0.7875;210
twenty;0.0003;0.7878;211
always;0.0002;0.788;212
stick;0.0002;0.7882;213
forget;0.0002;0.7884;214
eleven;0.0002;0.7886;215
food;0.0002;0.7888;216
bear;0.0002;0.789;217
long;0.0002;0.7892;218
lot;0.0002;0.7894;219
write;0.0002;0.7896;220
even;0.0002;0.7897;221
kick;0.0002;0.7899;222
sure;0.0002;0.7901;223
anything;0.0002;0.7903;224
hand;0.0002;0.7905;225
year;0.0002;0.7907;226
face;0.0002;0.7909;227
ask;0.0002;0.7911;228
Punch;0.0002;0.7913;229
wash;0.0002;0.7915;230
walk;0.0002;0.7916;231
teacher;0.0002;0.7918;232
paper;0.0002;0.792;233
alright;0.0002;0.7922;234
somebody;0.0002;0.7923;235
kitchen;0.0002;0.7925;236
as;0.0002;0.7927;237
already;0.0002;0.7929;238
twelve;0.0002;0.793;239
little;0.0002;0.7932;240
ready;0.0002;0.7934;241
those;0.0002;0.7936;242
whole;0.0002;0.7938;243
fast;0.0002;0.794;244
rock;0.0002;0.7942;245
many;0.0002;0.7944;246
guess;0.0001;0.7945;247
half;0.0001;0.7945;248
lunch;0.0001;0.7947;249
everyone;0.0001;0.7947;250
recorder;0.0001;0.7949;251
happen;0.0001;0.7949;252
die;0.0001;0.795;253
side;0.0001;0.7951;254
actually;0.0001;0.7953;255
song;0.0001;0.7954;256
push;0.0001;0.7955;257
taste;0.0001;0.7956;258
sing;0.0001;0.7957;259
cold;0.0001;0.7958;260
triangle;0.0001;0.7959;261
word;0.0001;0.796;262
easy;0.0001;0.7961;263
table;0.0001;0.7962;264
bye;0.0001;0.7962;265
number;0.0001;0.7964;266
chip;0.0001;0.7965;267
thirteen;0.0001;0.7965;268
bell;0.0001;0.7966;269
hot;0.0001;0.7967;270
around;0.0001;0.7968;271
touch;0.0001;0.7969;272
hear;0.0001;0.797;273
morning;0.0001;0.797;274
kid;0.0001;0.7971;275
ever;0.0001;0.7972;276
meat;0.0001;0.7973;277
cut;0.0001;0.7974;278
sixty;0.0001;0.7974;279
fifteen;0.0001;0.7975;280
jingle;0.0001;0.7976;281
poo;0.0001;0.7977;282
much;0.0001;0.7978;283
which;0.0001;0.7979;284
sister;0.0001;0.7981;285
fun;0.0001;0.7982;286
funny;0.0001;0.7983;287
Pocket;0.0001;0.7984;288
apple;0.0001;0.7985;289
cook;0.0001;0.7985;290
pick;0.0001;0.7986;291
thirty;0.0001;0.7987;292
start;0.0001;0.7989;293
clock;0.0001;0.799;294
small;0.0001;0.7991;295
cool;0.0001;0.7992;296
Mr;0.0001;0.7993;297
mess;0.0001;0.7994;298
homework;0.0001;0.7995;299
press;0.0001;0.7996;300
christmas;0.0000;0.7997;301
suck;0.0000;0.7997;302
class;0.0000;0.7997;303
gum;0.0000;0.7998;304
wish;0.0000;0.7998;305
bit;0.0000;0.7998;306
laugh;0.0000;0.7999;307
frog;0.0000;0.7999;308
God;0.0000;0.7999;309
record;0.0000;0.7999;310
dude;0.0000;0.8;311
than;0.0000;0.8;312
excuse;0.0000;0.8;313
beat;0.0000;0.8001;314
line;0.0000;0.8001;315
win;0.0000;0.8001;316
glue;0.0000;0.8002;317
whatever;0.0000;0.8002;318
sign;0.0000;0.8002;319
smash;0.0000;0.8003;320
point;0.0000;0.8003;321
pass;0.0000;0.8003;322
level;0.0000;0.8004;323
