word;frequency;cobertura;word_order
be;0.0649;0.0649;1
I;0.0455;0.1104;2
the;0.0287;0.1391;3
it;0.0268;0.1658;4
do;0.0257;0.1916;5
and;0.0227;0.2142;6
you;0.0211;0.2353;7
that;0.0207;0.256;8
go;0.0184;0.2744;9
not;0.0182;0.2926;10
he;0.0155;0.3081;11
want;0.0155;0.3235;12
no;0.0150;0.3385;13
one;0.0146;0.3531;14
to;0.0137;0.3668;15
there;0.0134;0.3802;16
what;0.0133;0.3935;17
get;0.0127;0.4062;18
in;0.0125;0.4188;19
have;0.0112;0.4299;20
this;0.0107;0.4406;21
my;0.0106;0.4512;22
they;0.0079;0.4591;23
will;0.0075;0.4666;24
yes;0.0066;0.4733;25
cause;0.0066;0.4798;26
them;0.0065;0.4863;27
she;0.0062;0.4925;28
know;0.0062;0.4987;29
see;0.0059;0.5046;30
on;0.0057;0.5103;31
come;0.0055;0.5159;32
all;0.0054;0.5212;33
here;0.0053;0.5265;34
we;0.0052;0.5317;35
me;0.0052;0.5369;36
well;0.0050;0.5419;37
look;0.0049;0.5468;38
up;0.0047;0.5515;39
big;0.0047;0.5562;40
just;0.0046;0.5608;41
him;0.0046;0.5655;42
of;0.0046;0.5701;43
like;0.0045;0.5746;44
for;0.0045;0.5791;45
play;0.0045;0.5836;46
where;0.0043;0.5879;47
can;0.0040;0.5919;48
with;0.0040;0.5959;49
then;0.0037;0.5995;50
oh;0.0035;0.6031;51
but;0.0035;0.6066;52
two;0.0034;0.61;53
put;0.0032;0.6132;54
his;0.0031;0.6163;55
why;0.0029;0.6192;56
um;0.0027;0.6219;57
at;0.0025;0.6244;58
say;0.0025;0.6269;59
down;0.0025;0.6294;60
thing;0.0025;0.6319;61
your;0.0024;0.6342;62
when;0.0023;0.6366;63
cannot;0.0023;0.6388;64
out;0.0021;0.641;65
off;0.0020;0.643;66
give;0.0020;0.645;67
need;0.0020;0.647;68
her;0.0019;0.6489;69
these;0.0019;0.6509;70
eat;0.0018;0.6527;71
so;0.0017;0.6544;72
too;0.0017;0.6561;73
house;0.0016;0.6577;74
some;0.0016;0.6593;75
bite;0.0016;0.6609;76
would;0.0016;0.6624;77
man;0.0015;0.664;78
right;0.0015;0.6655;79
make;0.0014;0.6668;80
could;0.0014;0.6682;81
back;0.0013;0.6695;82
over;0.0013;0.6708;83
call;0.0013;0.6721;84
other;0.0012;0.6733;85
bed;0.0012;0.6745;86
another;0.0012;0.6757;87
let;0.0012;0.6769;88
only;0.0012;0.6782;89
how;0.0012;0.6794;90
boy;0.0012;0.6806;91
away;0.0011;0.6818;92
today;0.0011;0.6829;93
about;0.0011;0.6839;94
sit;0.0011;0.685;95
girl;0.0011;0.6862;96
any;0.0011;0.6873;97
because;0.0011;0.6884;98
ah;0.0011;0.6895;99
if;0.0010;0.6905;100
something;0.0010;0.6914;101
three;0.0010;0.6924;102
green;0.0010;0.6934;103
huh;0.0010;0.6944;104
who;0.0010;0.6954;105
find;0.0010;0.6964;106
time;0.0010;0.6975;107
very;0.0010;0.6985;108
from;0.0010;0.6994;109
car;0.0009;0.7003;110
really;0.0009;0.7012;111
bad;0.0009;0.7021;112
an;0.0009;0.703;113
red;0.0009;0.7039;114
open;0.0009;0.7047;115
watch;0.0008;0.7056;116
day;0.0008;0.7063;117
or;0.0008;0.7071;118
saw;0.0008;0.7079;119
again;0.0008;0.7087;120
blue;0.0008;0.7095;121
name;0.0008;0.7103;122
way;0.0007;0.711;123
hair;0.0007;0.7117;124
baby;0.0007;0.7124;125
good;0.0007;0.7131;126
home;0.0007;0.7138;127
tell;0.0007;0.7145;128
toy;0.0007;0.7152;129
try;0.0007;0.7159;130
more;0.0007;0.7166;131
else;0.0007;0.7173;132
maybe;0.0007;0.7181;133
their;0.0006;0.7187;134
mine;0.0006;0.7193;135
jump;0.0006;0.7199;136
remember;0.0006;0.7205;137
tree;0.0006;0.7211;138
help;0.0006;0.7217;139
five;0.0006;0.7223;140
show;0.0006;0.7229;141
new;0.0006;0.7235;142
same;0.0006;0.7241;143
hi;0.0006;0.7247;144
horse;0.0006;0.7253;145
still;0.0005;0.7258;146
hold;0.0005;0.7264;147
run;0.0005;0.7269;148
throw;0.0005;0.7274;149
fix;0.0005;0.7279;150
head;0.0005;0.7284;151
duck;0.0005;0.729;152
yours;0.0005;0.7295;153
black;0.0005;0.73;154
room;0.0004;0.7303;155
after;0.0004;0.7308;156
water;0.0004;0.7312;157
buy;0.0004;0.7316;158
different;0.0004;0.7321;159
catch;0.0004;0.7325;160
last;0.0004;0.7329;161
top;0.0004;0.7333;162
move;0.0004;0.7336;163
people;0.0004;0.7341;164
never;0.0004;0.7345;165
door;0.0004;0.7349;166
must;0.0004;0.7354;167
stop;0.0004;0.7358;168
drink;0.0003;0.7362;169
old;0.0003;0.7365;170
lift;0.0003;0.7368;171
turn;0.0003;0.7371;172
juice;0.0003;0.7375;173
box;0.0003;0.7378;174
wait;0.0003;0.7381;175
everything;0.0003;0.7384;176
ball;0.0003;0.7387;177
by;0.0003;0.739;178
our;0.0003;0.7392;179
leave;0.0003;0.7396;180
nice;0.0003;0.7398;181
us;0.0003;0.7402;182
better;0.0003;0.7405;183
first;0.0003;0.7408;184
hello;0.0003;0.7411;185
dog;0.0003;0.7413;186
next;0.0003;0.7416;187
stuff;0.0003;0.7419;188
use;0.0003;0.7422;189
fly;0.0003;0.7425;190
tape;0.0003;0.7429;191
piece;0.0003;0.7431;192
doctor;0.0003;0.7435;193
please;0.0003;0.7438;194
before;0.0003;0.7441;195
mean;0.0003;0.7444;196
fall;0.0003;0.7447;197
sometimes;0.0003;0.7449;198
together;0.0002;0.7451;199
great;0.0002;0.7453;200
long;0.0002;0.7455;201
chair;0.0002;0.7457;202
lot;0.0002;0.7459;203
finger;0.0002;0.7461;204
even;0.0002;0.7463;205
everybody;0.0002;0.7465;206
fire;0.0002;0.7467;207
hand;0.0002;0.7469;208
face;0.0002;0.7471;209
through;0.0002;0.7473;210
ride;0.0002;0.7474;211
inside;0.0002;0.7476;212
somebody;0.0002;0.7478;213
as;0.0002;0.748;214
already;0.0002;0.7482;215
somewhere;0.0002;0.7484;216
bird;0.0002;0.7486;217
little;0.0002;0.7487;218
ready;0.0002;0.7489;219
those;0.0002;0.7492;220
whole;0.0002;0.7494;221
myself;0.0002;0.7496;222
many;0.0002;0.7498;223
yet;0.0002;0.7499;224
lunch;0.0001;0.7501;225
side;0.0001;0.7502;226
paint;0.0001;0.7503;227
swing;0.0001;0.7504;228
push;0.0001;0.7505;229
high;0.0001;0.7506;230
while;0.0001;0.7507;231
pet;0.0001;0.7508;232
hum;0.0001;0.7508;233
bye;0.0001;0.7509;234
turtle;0.0001;0.7509;235
both;0.0001;0.751;236
hot;0.0001;0.7511;237
around;0.0001;0.7511;238
foot;0.0001;0.7513;239
hear;0.0001;0.7514;240
cut;0.0001;0.7515;241
messy;0.0001;0.7516;242
much;0.0001;0.7517;243
which;0.0001;0.7518;244
ha;0.0001;0.7519;245
pick;0.0001;0.752;246
middle;0.0000;0.7521;247
Mommy;0.0000;0.7521;248
hill;0.0000;0.7521;249
ours;0.0000;0.7522;250
wa;0.0000;0.7522;251
than;0.0000;0.7522;252
