word;frequency;cobertura;word_order
yeah;0.0029;0.0029;1
oh;0.0029;0.0058;2
okay;0.0022;0.008;3
um;0.0022;0.0103;4
bite;0.0020;0.0123;5
Play;0.0020;0.0143;6
eat;0.0020;0.0163;7
break;0.0018;0.0181;8
put;0.0018;0.0199;9
go;0.0018;0.0217;10
baby;0.0018;0.0235;11
i;0.0018;0.0252;12
call;0.0016;0.0268;13
wash;0.0016;0.0284;14
yes;0.0016;0.0299;15
Red;0.0016;0.0315;16
come;0.0016;0.0331;17
ah;0.0016;0.0346;18
fall;0.0016;0.0362;19
ten;0.0016;0.0377;20
hit;0.0016;0.0393;21
run;0.0016;0.0409;22
draw;0.0016;0.0424;23
give;0.0013;0.0438;24
keep;0.0013;0.0451;25
yours;0.0013;0.0465;26
push;0.0013;0.0478;27
boy;0.0013;0.0491;28
get;0.0013;0.0505;29
read;0.0013;0.0518;30
start;0.0013;0.0532;31
miss;0.0013;0.0545;32
see;0.0013;0.0558;33
close;0.0013;0.0572;34
look;0.0013;0.0585;35
let;0.0013;0.0599;36
sit;0.0013;0.0612;37
animal;0.0013;0.0625;38
move;0.0013;0.0639;39
dad;0.0013;0.0652;40
hold;0.0011;0.0663;41
wear;0.0011;0.0675;42
make;0.0011;0.0686;43
down;0.0011;0.0697;44
wait;0.0011;0.0708;45
turn;0.0011;0.0719;46
that;0.0011;0.073;47
throw;0.0011;0.0742;48
forget;0.0011;0.0753;49
stick;0.0011;0.0764;50
help;0.0011;0.0775;51
feel;0.0011;0.0786;52
twenty;0.0011;0.0797;53
back;0.0011;0.0809;54
try;0.0011;0.082;55
do;0.0011;0.0831;56
cry;0.0011;0.0842;57
know;0.0011;0.0853;58
like;0.0011;0.0864;59
girl;0.0011;0.0876;60
stay;0.0011;0.0887;61
tell;0.0009;0.0896;62
work;0.0009;0.0905;63
watch;0.0009;0.0914;64
right;0.0009;0.0922;65
sure;0.0009;0.0931;66
cook;0.0009;0.094;67
love;0.0009;0.0949;68
cold;0.0009;0.0958;69
open;0.0009;0.0967;70
say;0.0009;0.0976;71
take;0.0009;0.0985;72
outside;0.0009;0.0994;73
finish;0.0009;0.1003;74
no;0.0009;0.1012;75
twelve;0.0009;0.1021;76
alright;0.0009;0.103;77
pick;0.0009;0.1039;78
kick;0.0009;0.1048;79
fish;0.0009;0.1057;80
hard;0.0009;0.1065;81
leave;0.0009;0.1074;82
ask;0.0009;0.1083;83
find;0.0009;0.1092;84
Punch;0.0009;0.1101;85
cut;0.0009;0.111;86
use;0.0009;0.1119;87
up;0.0009;0.1128;88
hello;0.0009;0.1137;89
sing;0.0009;0.1146;90
stop;0.0009;0.1155;91
out;0.0009;0.1164;92
need;0.0009;0.1173;93
bring;0.0009;0.1182;94
beat;0.0009;0.1191;95
laugh;0.0009;0.1199;96
Bear;0.0009;0.1208;97
off;0.0009;0.1217;98
well;0.0009;0.1226;99
lose;0.0009;0.1235;100
sorry;0.0007;0.1242;101
want;0.0007;0.1249;102
mess;0.0007;0.1255;103
over;0.0007;0.1262;104
mean;0.0007;0.1269;105
listen;0.0007;0.1275;106
mine;0.0007;0.1282;107
Big;0.0007;0.1289;108
catch;0.0007;0.1296;109
suppose;0.0007;0.1302;110
christmas;0.0007;0.1309;111
hear;0.0007;0.1316;112
cool;0.0007;0.1322;113
die;0.0007;0.1329;114
My;0.0007;0.1336;115
write;0.0007;0.1342;116
remember;0.0007;0.1349;117
talk;0.0007;0.1356;118
happen;0.0007;0.1363;119
Pocket;0.0007;0.1369;120
think;0.0007;0.1376;121
first;0.0007;0.1383;122
one;0.0007;0.1389;123
long;0.0007;0.1396;124
friend;0.0007;0.1403;125
huh;0.0007;0.1409;126
show;0.0007;0.1416;127
lot;0.0007;0.1423;128
all;0.0007;0.143;129
song;0.0007;0.1436;130
good;0.0007;0.1443;131
whole;0.0007;0.145;132
ready;0.0007;0.1456;133
funny;0.0007;0.1463;134
Little;0.0007;0.147;135
Man;0.0007;0.1476;136
eleven;0.0007;0.1483;137
there;0.0007;0.149;138
have;0.0007;0.1497;139
away;0.0007;0.1503;140
smash;0.0007;0.151;141
walk;0.0007;0.1517;142
press;0.0007;0.1523;143
home;0.0007;0.153;144
hi;0.0007;0.1537;145
Book;0.0004;0.1541;146
shoot;0.0004;0.1546;147
meat;0.0004;0.155;148
triangle;0.0004;0.1555;149
much;0.0004;0.1559;150
it;0.0004;0.1564;151
kid;0.0004;0.1568;152
just;0.0004;0.1572;153
father;0.0004;0.1577;154
Day;0.0004;0.1581;155
sign;0.0004;0.1586;156
teacher;0.0004;0.159;157
suck;0.0004;0.1595;158
maybe;0.0004;0.1599;159
so;0.0004;0.1604;160
half;0.0004;0.1608;161
rock;0.0004;0.1613;162
cheese;0.0004;0.1617;163
happy;0.0004;0.1622;164
poo;0.0004;0.1626;165
sauce;0.0004;0.1631;166
In;0.0004;0.1635;167
touch;0.0004;0.1639;168
sixty;0.0004;0.1644;169
her;0.0004;0.1648;170
hey;0.0004;0.1653;171
taste;0.0004;0.1657;172
pass;0.0004;0.1662;173
what;0.0004;0.1666;174
point;0.0004;0.1671;175
more;0.0004;0.1675;176
a;0.0004;0.168;177
The;0.0004;0.1684;178
fine;0.0004;0.1689;179
wow;0.0004;0.1693;180
please;0.0004;0.1698;181
Way;0.0004;0.1702;182
crack;0.0004;0.1706;183
else;0.0004;0.1711;184
Old;0.0004;0.1715;185
fifteen;0.0004;0.172;186
sister;0.0004;0.1724;187
bye;0.0004;0.1729;188
stuff;0.0004;0.1733;189
Hot;0.0004;0.1738;190
glue;0.0004;0.1742;191
because;0.0004;0.1747;192
about;0.0004;0.1751;193
thirteen;0.0004;0.1756;194
four;0.0002;0.1758;195
hate;0.0002;0.176;196
new;0.0002;0.1762;197
here;0.0002;0.1765;198
word;0.0002;0.1767;199
thing;0.0002;0.1769;200
how;0.0002;0.1771;201
if;0.0002;0.1774;202
after;0.0002;0.1776;203
wrong;0.0002;0.1778;204
then;0.0002;0.178;205
them;0.0002;0.1782;206
school;0.0002;0.1785;207
they;0.0002;0.1787;208
side;0.0002;0.1789;209
hand;0.0002;0.1791;210
already;0.0002;0.1794;211
seven;0.0002;0.1796;212
another;0.0002;0.1798;213
he;0.0002;0.18;214
too;0.0002;0.1803;215
last;0.0002;0.1805;216
ever;0.0002;0.1807;217
bad;0.0002;0.1809;218
never;0.0002;0.1811;219
kitchen;0.0002;0.1814;220
three;0.0002;0.1816;221
easy;0.0002;0.1818;222
night;0.0002;0.182;223
people;0.0002;0.1823;224
for;0.0002;0.1825;225
everything;0.0002;0.1827;226
eight;0.0002;0.1829;227
why;0.0002;0.1832;228
potato;0.0002;0.1834;229
minute;0.0002;0.1836;230
level;0.0002;0.1838;231
gum;0.0002;0.1841;232
be;0.0002;0.1843;233
water;0.0002;0.1845;234
Mr;0.0002;0.1847;235
thirty;0.0002;0.1849;236
can;0.0002;0.1852;237
chip;0.0002;0.1854;238
goal;0.0002;0.1856;239
still;0.0002;0.1858;240
lunch;0.0002;0.1861;241
not;0.0002;0.1863;242
now;0.0002;0.1865;243
name;0.0002;0.1867;244
year;0.0002;0.187;245
than;0.0002;0.1872;246
and;0.0002;0.1874;247
any;0.0002;0.1876;248
only;0.0002;0.1878;249
morning;0.0002;0.1881;250
paper;0.0002;0.1883;251
where;0.0002;0.1885;252
many;0.0002;0.1887;253
these;0.0002;0.189;254
someone;0.0002;0.1892;255
same;0.0002;0.1894;256
food;0.0002;0.1896;257
around;0.0002;0.1899;258
nice;0.0002;0.1901;259
recorder;0.0002;0.1903;260
on;0.0002;0.1905;261
of;0.0002;0.1908;262
or;0.0002;0.191;263
your;0.0002;0.1912;264
with;0.0002;0.1914;265
as;0.0002;0.1916;266
at;0.0002;0.1919;267
again;0.0002;0.1921;268
you;0.0002;0.1923;269
time;0.0002;0.1925;270
to;0.0002;0.1928;271
very;0.0002;0.193;272
me;0.0002;0.1932;273
small;0.0002;0.1934;274
clock;0.0002;0.1937;275
sun;0.0002;0.1939;276
eye;0.0002;0.1941;277
two;0.0002;0.1943;278
flat;0.0002;0.1945;279
excuse;0.0002;0.1948;280
hour;0.0002;0.195;281
nine;0.0002;0.1952;282
blood;0.0002;0.1954;283
actually;0.0002;0.1957;284
somebody;0.0002;0.1959;285
even;0.0002;0.1961;286
always;0.0002;0.1963;287
everyone;0.0002;0.1966;288
basketball;0.0002;0.1968;289
number;0.0002;0.197;290
guess;0.0002;0.1972;291
hundred;0.0002;0.1975;292
God;0.0002;0.1977;293
juice;0.0002;0.1979;294
nothing;0.0002;0.1981;295
pretty;0.0002;0.1983;296
his;0.0002;0.1986;297
kind;0.0002;0.1988;298
him;0.0002;0.199;299
bell;0.0002;0.1992;300
whatever;0.0002;0.1995;301
fun;0.0002;0.1997;302
real;0.0002;0.1999;303
yesterday;0.0002;0.2001;304
shape;0.0002;0.2004;305
game;0.0002;0.2006;306
bit;0.0002;0.2008;307
some;0.0002;0.201;308
by;0.0002;0.2013;309
anything;0.0002;0.2015;310
into;0.0002;0.2017;311
fast;0.0002;0.2019;312
line;0.0002;0.2021;313
us;0.0002;0.2024;314
those;0.0002;0.2026;315
this;0.0002;0.2028;316
today;0.0002;0.203;317
rotten;0.0002;0.2033;318
apple;0.0002;0.2035;319
win;0.0002;0.2037;320
from;0.0002;0.2039;321
frog;0.0002;0.2042;322
next;0.0002;0.2044;323
when;0.0002;0.2046;324
something;0.0002;0.2048;325
six;0.0002;0.205;326
Mrs;0.0002;0.2053;327
bing;0.0002;0.2055;328
our;0.0002;0.2057;329
their;0.0002;0.2059;330
jingle;0.0002;0.2062;331
really;0.0002;0.2064;332
microphone;0.0002;0.2066;333
which;0.0002;0.2068;334
who;0.0002;0.2071;335
class;0.0002;0.2073;336
face;0.0002;0.2075;337
she;0.0002;0.2077;338
wish;0.0002;0.208;339
we;0.0002;0.2082;340
thank;0.0002;0.2084;341
table;0.0002;0.2086;342
will;0.0002;0.2088;343
dude;0.0002;0.2091;344
ball;0.0002;0.2093;345
homework;0.0002;0.2095;346
five;0.0002;0.2097;347
but;0.0002;0.21;348
record;0.0002;0.2102;349
other;0.0002;0.2104;350
