word;frequency;cobertura;word_order
eat;0.0037;0.0037;1
oh;0.0037;0.0074;2
cannot;0.0033;0.0107;3
go;0.0033;0.0139;4
um;0.0029;0.0168;5
girl;0.0025;0.0193;6
get;0.0025;0.0217;7
ah;0.0025;0.0242;8
fall;0.0025;0.0266;9
ya;0.0025;0.0291;10
look;0.0025;0.0315;11
jump;0.0025;0.034;12
let;0.0025;0.0365;13
sit;0.0025;0.0389;14
call;0.0020;0.041;15
dog;0.0020;0.043;16
yours;0.0020;0.0451;17
yes;0.0020;0.0471;18
bite;0.0020;0.0492;19
come;0.0020;0.0512;20
mom;0.0020;0.0533;21
put;0.0020;0.0553;22
find;0.0020;0.0574;23
shut;0.0020;0.0594;24
bed;0.0020;0.0615;25
need;0.0020;0.0635;26
drink;0.0020;0.0655;27
like;0.0020;0.0676;28
tell;0.0016;0.0692;29
want;0.0016;0.0709;30
mean;0.0016;0.0725;31
toy;0.0016;0.0741;32
mine;0.0016;0.0758;33
right;0.0016;0.0774;34
down;0.0016;0.0791;35
inside;0.0016;0.0807;36
run;0.0016;0.0823;37
wait;0.0016;0.084;38
fly;0.0016;0.0856;39
mommy;0.0016;0.0873;40
open;0.0016;0.0889;41
there;0.0016;0.0905;42
pick;0.0016;0.0922;43
play;0.0016;0.0938;44
cut;0.0016;0.0955;45
back;0.0016;0.0971;46
hello;0.0016;0.0987;47
try;0.0016;0.1004;48
do;0.0016;0.102;49
move;0.0016;0.1036;50
have;0.0016;0.1053;51
off;0.0016;0.1069;52
blue;0.0012;0.1082;53
hold;0.0012;0.1094;54
give;0.0012;0.1106;55
fix;0.0012;0.1118;56
side;0.0012;0.1131;57
tree;0.0012;0.1143;58
away;0.0012;0.1155;59
lift;0.0012;0.1168;60
make;0.0012;0.118;61
hear;0.0012;0.1192;62
push;0.0012;0.1204;63
leave;0.0012;0.1217;64
boy;0.0012;0.1229;65
so;0.0012;0.1241;66
turtle;0.0012;0.1254;67
turn;0.0012;0.1266;68
little;0.0012;0.1278;69
that;0.0012;0.129;70
say;0.0012;0.1303;71
show;0.0012;0.1315;72
her;0.0012;0.1327;73
What;0.0012;0.134;74
help;0.0012;0.1352;75
foot;0.0012;0.1364;76
horse;0.0012;0.1376;77
paint;0.0012;0.1389;78
please;0.0012;0.1401;79
up;0.0012;0.1413;80
Huh;0.0012;0.1426;81
next;0.0012;0.1438;82
baby;0.0012;0.145;83
ride;0.0012;0.1463;84
out;0.0012;0.1475;85
cause;0.0012;0.1487;86
red;0.0012;0.1499;87
see;0.0012;0.1512;88
i;0.0012;0.1524;89
green;0.0008;0.1532;90
over;0.0008;0.154;91
better;0.0008;0.1549;92
one;0.0008;0.1557;93
top;0.0008;0.1565;94
Big;0.0008;0.1573;95
stop;0.0008;0.1581;96
bad;0.0008;0.159;97
catch;0.0008;0.1598;98
head;0.0008;0.1606;99
guy;0.0008;0.1614;100
remember;0.0008;0.1622;101
swing;0.0008;0.163;102
first;0.0008;0.1639;103
only;0.0008;0.1647;104
myself;0.0008;0.1655;105
It;0.0008;0.1663;106
around;0.0008;0.1671;107
throw;0.0008;0.168;108
lot;0.0008;0.1688;109
all;0.0008;0.1696;110
more;0.0008;0.1704;111
fire;0.0008;0.1712;112
cup;0.0008;0.1721;113
long;0.0008;0.1729;114
duck;0.0008;0.1737;115
watch;0.0008;0.1745;116
face;0.0008;0.1753;117
ha;0.0008;0.1762;118
Because;0.0008;0.177;119
no;0.0008;0.1778;120
bye;0.0008;0.1786;121
ball;0.0008;0.1794;122
know;0.0008;0.1803;123
home;0.0008;0.1811;124
bug;0.0008;0.1819;125
new;0.0004;0.1823;126
here;0.0004;0.1827;127
would;0.0004;0.1831;128
must;0.0004;0.1835;129
me;0.0004;0.1839;130
room;0.0004;0.1844;131
my;0.0004;0.1848;132
thing;0.0004;0.1852;133
how;0.0004;0.1856;134
hot;0.0004;0.186;135
after;0.0004;0.1864;136
before;0.0004;0.1868;137
somewhere;0.0004;0.1872;138
then;0.0004;0.1876;139
them;0.0004;0.188;140
they;0.0004;0.1884;141
already;0.0004;0.1889;142
too;0.0004;0.1893;143
even;0.0004;0.1897;144
finger;0.0004;0.1901;145
we;0.0004;0.1905;146
never;0.0004;0.1909;147
wa;0.0004;0.1913;148
bet;0.0004;0.1917;149
bathroom;0.0004;0.1921;150
three;0.0004;0.1925;151
much;0.0004;0.193;152
in;0.0004;0.1934;153
if;0.0004;0.1938;154
any;0.0004;0.1942;155
hand;0.0004;0.1946;156
the;0.0004;0.195;157
just;0.0004;0.1954;158
yet;0.0004;0.1958;159
old;0.0004;0.1962;160
people;0.0004;0.1966;161
for;0.0004;0.1971;162
everything;0.0004;0.1975;163
corn;0.0004;0.1979;164
way;0.0004;0.1983;165
door;0.0004;0.1987;166
together;0.0004;0.1991;167
chair;0.0004;0.1995;168
water;0.0004;0.1999;169
box;0.0004;0.2003;170
everybody;0.0004;0.2007;171
today;0.0004;0.2011;172
car;0.0004;0.2016;173
can;0.0004;0.202;174
may;0.0004;0.2024;175
man;0.0004;0.2028;176
maybe;0.0004;0.2032;177
still;0.0004;0.2036;178
ours;0.0004;0.204;179
lunch;0.0004;0.2044;180
not;0.0004;0.2048;181
name;0.0004;0.2052;182
than;0.0004;0.2057;183
and;0.0004;0.2061;184
saw;0.0004;0.2065;185
their;0.0004;0.2069;186
black;0.0004;0.2073;187
where;0.0004;0.2077;188
many;0.0004;0.2081;189
those;0.0004;0.2085;190
these;0.0004;0.2089;191
middle;0.0004;0.2093;192
good;0.0004;0.2098;193
different;0.0004;0.2102;194
doctor;0.0004;0.2106;195
same;0.0004;0.211;196
two;0.0004;0.2114;197
very;0.0004;0.2118;198
when;0.0004;0.2122;199
on;0.0004;0.2126;200
or;0.0004;0.213;201
your;0.0004;0.2134;202
with;0.0004;0.2138;203
an;0.0004;0.2143;204
as;0.0004;0.2147;205
at;0.0004;0.2151;206
again;0.0004;0.2155;207
you;0.0004;0.2159;208
time;0.0004;0.2163;209
to;0.0004;0.2167;210
through;0.0004;0.2171;211
someone;0.0004;0.2175;212
somebody;0.0004;0.2179;213
house;0.0004;0.2184;214
really;0.0004;0.2188;215
hill;0.0004;0.2192;216
kind;0.0004;0.2196;217
juice;0.0004;0.22;218
also;0.0004;0.2204;219
his;0.0004;0.2208;220
him;0.0004;0.2212;221
bird;0.0004;0.2216;222
both;0.0004;0.222;223
last;0.0004;0.2224;224
else;0.0004;0.2229;225
ready;0.0004;0.2233;226
some;0.0004;0.2237;227
candy;0.0004;0.2241;228
be;0.0004;0.2245;229
by;0.0004;0.2249;230
us;0.0004;0.2253;231
nice;0.0004;0.2257;232
this;0.0004;0.2261;233
great;0.0004;0.2265;234
use;0.0004;0.227;235
from;0.0004;0.2274;236
about;0.0004;0.2278;237
of;0.0004;0.2282;238
high;0.0004;0.2286;239
something;0.0004;0.229;240
day;0.0004;0.2294;241
our;0.0004;0.2298;242
could;0.0004;0.2302;243
which;0.0004;0.2306;244
who;0.0004;0.2311;245
why;0.0004;0.2315;246
stuff;0.0004;0.2319;247
she;0.0004;0.2323;248
will;0.0004;0.2327;249
another;0.0004;0.2331;250
well;0.0004;0.2335;251
other;0.0004;0.2339;252
five;0.0004;0.2343;253
hair;0.0004;0.2347;254
buy;0.0004;0.2351;255
but;0.0004;0.2356;256
hi;0.0004;0.236;257
he;0.0004;0.2364;258
piece;0.0004;0.2368;259
