word;frequency;cobertura;word_order
watch;0.0014;0.0014;1
eat;0.0012;0.0026;2
play;0.0011;0.0037;3
do;0.0010;0.0048;4
Grandpa;0.0010;0.0058;5
go;0.0010;0.0068;6
fall;0.0009;0.0077;7
Christmas;0.0009;0.0086;8
over;0.0008;0.0094;9
make;0.0008;0.0102;10
drive;0.0008;0.011;11
roll;0.0008;0.0118;12
get;0.0008;0.0126;13
come;0.0008;0.0134;14
start;0.0008;0.0142;15
shop;0.0008;0.015;16
put;0.0008;0.0158;17
find;0.0008;0.0166;18
sock;0.0008;0.0174;19
chew;0.0007;0.0181;20
dry;0.0007;0.0187;21
call;0.0007;0.0194;22
want;0.0007;0.0201;23
dog;0.0007;0.0208;24
yes;0.0007;0.0215;25
dear;0.0007;0.0222;26
dinner;0.0007;0.0228;27
live;0.0007;0.0235;28
think;0.0007;0.0242;29
that;0.0007;0.0249;30
outside;0.0007;0.0256;31
see;0.0007;0.0262;32
read;0.0007;0.0269;33
foot;0.0007;0.0276;34
meet;0.0007;0.0283;35
write;0.0007;0.029;36
mix;0.0007;0.0297;37
lucky;0.0007;0.0303;38
dust;0.0007;0.031;39
change;0.0006;0.0316;40
love;0.0006;0.0322;41
grow;0.0006;0.0327;42
carry;0.0006;0.0333;43
lot;0.0006;0.0339;44
park;0.0006;0.0344;45
anymore;0.0006;0.035;46
like;0.0006;0.0356;47
dad;0.0006;0.0361;48
holiday;0.0006;0.0367;49
know;0.0006;0.0373;50
tell;0.0005;0.0377;51
end;0.0005;0.0382;52
friend;0.0005;0.0386;53
mother;0.0005;0.0391;54
rock;0.0005;0.0395;55
no;0.0005;0.04;56
arm;0.0005;0.0404;57
fun;0.0005;0.0409;58
pen;0.0005;0.0414;59
up;0.0005;0.0418;60
slip;0.0005;0.0423;61
bye;0.0005;0.0427;62
out;0.0005;0.0432;63
there;0.0005;0.0436;64
have;0.0005;0.0441;65
because;0.0005;0.0445;66
home;0.0005;0.045;67
Forest;0.0003;0.0453;68
potato;0.0003;0.0457;69
together;0.0003;0.046;70
square;0.0003;0.0464;71
long;0.0003;0.0467;72
good;0.0003;0.047;73
favorite;0.0003;0.0474;74
her;0.0003;0.0477;75
all;0.0003;0.0481;76
decide;0.0003;0.0484;77
fine;0.0003;0.0487;78
about;0.0003;0.0491;79
high;0.0003;0.0494;80
bowl;0.0003;0.0498;81
china;0.0002;0.05;82
ha;0.0002;0.0502;83
glad;0.0002;0.0504;84
teacher;0.0002;0.0507;85
cant;0.0002;0.0509;86
car;0.0002;0.0511;87
maybe;0.0002;0.0514;88
so;0.0002;0.0516;89
begin;0.0002;0.0518;90
corner;0.0002;0.052;91
pumpkin;0.0002;0.0523;92
middle;0.0002;0.0525;93
It;0.0002;0.0527;94
Lancaster;0.0002;0.0529;95
as;0.0002;0.0532;96
what;0.0002;0.0534;97
flat;0.0002;0.0536;98
I;0.0002;0.0539;99
circle;0.0002;0.0541;100
sea;0.0002;0.0543;101
big;0.0002;0.0545;102
collect;0.0002;0.0548;103
ago;0.0002;0.055;104
Can;0.0002;0.0552;105
afraid;0.0002;0.0554;106
one;0.0002;0.0557;107
stuff;0.0002;0.0559;108
well;0.0002;0.0561;109
much;0.0002;0.0564;110
pie;0.0002;0.0566;111
every;0.0001;0.0567;112
here;0.0001;0.0568;113
would;0.0001;0.0569;114
my;0.0001;0.057;115
how;0.0001;0.0572;116
if;0.0001;0.0573;117
after;0.0001;0.0574;118
then;0.0001;0.0575;119
they;0.0001;0.0576;120
by;0.0001;0.0577;121
tomorrow;0.0001;0.0578;122
too;0.0001;0.0579;123
coin;0.0001;0.0581;124
place;0.0001;0.0582;125
we;0.0001;0.0583;126
and;0.0001;0.0584;127
men;0.0001;0.0585;128
in;0.0001;0.0586;129
the;0.0001;0.0587;130
just;0.0001;0.0589;131
old;0.0001;0.059;132
people;0.0001;0.0591;133
for;0.0001;0.0592;134
corn;0.0001;0.0593;135
picture;0.0001;0.0594;136
football;0.0001;0.0595;137
now;0.0001;0.0597;138
meadow;0.0001;0.0598;139
usually;0.0001;0.0599;140
today;0.0001;0.06;141
thing;0.0001;0.0601;142
mat;0.0001;0.0602;143
celebrate;0.0001;0.0603;144
name;0.0001;0.0604;145
year;0.0001;0.0606;146
care;0.0001;0.0607;147
many;0.0001;0.0608;148
turkey;0.0001;0.0609;149
very;0.0001;0.061;150
when;0.0001;0.0611;151
on;0.0001;0.0612;152
or;0.0001;0.0614;153
your;0.0001;0.0615;154
area;0.0001;0.0616;155
hill;0.0001;0.0617;156
at;0.0001;0.0618;157
you;0.0001;0.0619;158
time;0.0001;0.062;159
to;0.0001;0.0622;160
me;0.0001;0.0623;161
will;0.0001;0.0624;162
full;0.0001;0.0625;163
family;0.0001;0.0626;164
suddenly;0.0001;0.0627;165
a;0.0001;0.0628;166
soon;0.0001;0.0629;167
food;0.0001;0.0631;168
house;0.0001;0.0632;169
dentist;0.0001;0.0633;170
kind;0.0001;0.0634;171
something;0.0001;0.0635;172
also;0.0001;0.0636;173
summer;0.0001;0.0637;174
money;0.0001;0.0639;175
his;0.0001;0.064;176
day;0.0001;0.0641;177
some;0.0001;0.0642;178
be;0.0001;0.0643;179
shopping;0.0001;0.0644;180
lane;0.0001;0.0645;181
this;0.0001;0.0647;182
race;0.0001;0.0648;183
great;0.0001;0.0649;184
from;0.0001;0.065;185
of;0.0001;0.0651;186
them;0.0001;0.0652;187
Mrs;0.0001;0.0653;188
our;0.0001;0.0654;189
could;0.0001;0.0656;190
Thursday;0.0001;0.0657;191
their;0.0001;0.0658;192
with;0.0001;0.0659;193
hope;0.0001;0.066;194
she;0.0001;0.0661;195
state;0.0001;0.0662;196
always;0.0001;0.0664;197
field;0.0001;0.0665;198
not;0.0001;0.0666;199
book;0.0001;0.0667;200
school;0.0001;0.0668;201
but;0.0001;0.0669;202
