word;frequency;cobertura;word_order
oh;0.0015;0.0015;1
toy;0.0014;0.0028;2
watch;0.0014;0.0042;3
bite;0.0014;0.0056;4
baby;0.0014;0.0069;5
yours;0.0012;0.0082;6
eat;0.0012;0.0094;7
blue;0.0011;0.0106;8
fix;0.0011;0.0117;9
boy;0.0011;0.0128;10
cannot;0.0011;0.014;11
throw;0.0011;0.0151;12
play;0.0011;0.0162;13
um;0.0011;0.0174;14
jump;0.0011;0.0185;15
Duck;0.0011;0.0197;16
do;0.0010;0.0207;17
go;0.0010;0.0217;18
sit;0.0010;0.0227;19
hot;0.0009;0.0236;20
mine;0.0009;0.0245;21
push;0.0009;0.0255;22
fly;0.0009;0.0264;23
fall;0.0009;0.0273;24
look;0.0009;0.0282;25
stop;0.0009;0.0291;26
need;0.0009;0.03;27
drink;0.0009;0.0309;28
over;0.0008;0.0317;29
make;0.0008;0.0325;30
leave;0.0008;0.0333;31
wait;0.0008;0.0341;32
get;0.0008;0.0349;33
come;0.0008;0.0357;34
put;0.0008;0.0365;35
find;0.0008;0.0373;36
please;0.0008;0.0381;37
hello;0.0008;0.0389;38
move;0.0008;0.0397;39
bed;0.0008;0.0404;40
ball;0.0008;0.0412;41
call;0.0007;0.0419;42
want;0.0007;0.0426;43
better;0.0007;0.0433;44
mean;0.0007;0.044;45
top;0.0007;0.0447;46
dog;0.0007;0.0453;47
lift;0.0007;0.046;48
yes;0.0007;0.0467;49
right;0.0007;0.0474;50
down;0.0007;0.0481;51
box;0.0007;0.0487;52
open;0.0007;0.0494;53
little;0.0007;0.0501;54
that;0.0007;0.0508;55
say;0.0007;0.0515;56
see;0.0007;0.0522;57
pick;0.0007;0.0528;58
foot;0.0007;0.0535;59
fire;0.0007;0.0542;60
Girl;0.0007;0.0549;61
cut;0.0007;0.0556;62
cup;0.0007;0.0562;63
back;0.0007;0.0569;64
nice;0.0007;0.0576;65
let;0.0007;0.0583;66
shut;0.0007;0.059;67
piece;0.0007;0.0597;68
hold;0.0006;0.0602;69
give;0.0006;0.0608;70
away;0.0006;0.0614;71
hear;0.0006;0.0619;72
inside;0.0006;0.0625;73
chair;0.0006;0.0631;74
turn;0.0006;0.0636;75
saw;0.0006;0.0642;76
show;0.0006;0.0648;77
help;0.0006;0.0653;78
doctor;0.0006;0.0659;79
lot;0.0006;0.0665;80
like;0.0006;0.067;81
run;0.0006;0.0676;82
try;0.0006;0.0682;83
ride;0.0006;0.0687;84
red;0.0006;0.0693;85
know;0.0006;0.0699;86
hair;0.0006;0.0704;87
buy;0.0006;0.071;88
tell;0.0005;0.0715;89
green;0.0005;0.0719;90
tree;0.0005;0.0724;91
finger;0.0005;0.0728;92
no;0.0005;0.0733;93
door;0.0005;0.0737;94
paint;0.0005;0.0742;95
juice;0.0005;0.0747;96
ready;0.0005;0.0751;97
ah;0.0005;0.0756;98
up;0.0005;0.076;99
use;0.0005;0.0765;100
bye;0.0005;0.0769;101
out;0.0005;0.0774;102
there;0.0005;0.0778;103
have;0.0005;0.0783;104
bean;0.0005;0.0787;105
off;0.0005;0.0792;106
because;0.0005;0.0797;107
home;0.0005;0.0801;108
side;0.0003;0.0804;109
next;0.0003;0.0808;110
catch;0.0003;0.0811;111
head;0.0003;0.0815;112
together;0.0003;0.0818;113
ours;0.0003;0.0821;114
first;0.0003;0.0825;115
long;0.0003;0.0828;116
ant;0.0003;0.0832;117
sometimes;0.0003;0.0835;118
myself;0.0003;0.0839;119
good;0.0003;0.0842;120
around;0.0003;0.0845;121
her;0.0003;0.0849;122
all;0.0003;0.0852;123
else;0.0003;0.0856;124
about;0.0003;0.0859;125
high;0.0003;0.0862;126
face;0.0003;0.0866;127
messy;0.0002;0.0868;128
before;0.0002;0.087;129
ha;0.0002;0.0873;130
bet;0.0002;0.0875;131
car;0.0002;0.0877;132
may;0.0002;0.0879;133
remember;0.0002;0.0882;134
maybe;0.0002;0.0884;135
so;0.0002;0.0886;136
lunch;0.0002;0.0889;137
turtle;0.0002;0.0891;138
swing;0.0002;0.0893;139
only;0.0002;0.0895;140
middle;0.0002;0.0898;141
It;0.0002;0.09;142
as;0.0002;0.0902;143
what;0.0002;0.0904;144
through;0.0002;0.0907;145
while;0.0002;0.0909;146
more;0.0002;0.0911;147
somebody;0.0002;0.0914;148
I;0.0002;0.0916;149
horse;0.0002;0.0918;150
bird;0.0002;0.092;151
big;0.0002;0.0923;152
Can;0.0002;0.0925;153
one;0.0002;0.0927;154
stuff;0.0002;0.0929;155
well;0.0002;0.0932;156
much;0.0002;0.0934;157
new;0.0001;0.0935;158
here;0.0001;0.0936;159
would;0.0001;0.0937;160
must;0.0001;0.0939;161
room;0.0001;0.094;162
those;0.0001;0.0941;163
my;0.0001;0.0942;164
how;0.0001;0.0943;165
if;0.0001;0.0944;166
after;0.0001;0.0945;167
somewhere;0.0001;0.0946;168
then;0.0001;0.0948;169
they;0.0001;0.0949;170
by;0.0001;0.095;171
hand;0.0001;0.0951;172
too;0.0001;0.0952;173
everything;0.0001;0.0953;174
bad;0.0001;0.0954;175
we;0.0001;0.0956;176
never;0.0001;0.0957;177
and;0.0001;0.0958;178
three;0.0001;0.0959;179
in;0.0001;0.096;180
any;0.0001;0.0961;181
the;0.0001;0.0962;182
just;0.0001;0.0964;183
even;0.0001;0.0965;184
old;0.0001;0.0966;185
people;0.0001;0.0967;186
for;0.0001;0.0968;187
corn;0.0001;0.0969;188
way;0.0001;0.097;189
water;0.0001;0.0971;190
everybody;0.0001;0.0973;191
today;0.0001;0.0974;192
thing;0.0001;0.0975;193
yet;0.0001;0.0976;194
man;0.0001;0.0977;195
still;0.0001;0.0978;196
name;0.0001;0.0979;197
huh;0.0001;0.0981;198
than;0.0001;0.0982;199
black;0.0001;0.0983;200
where;0.0001;0.0984;201
us;0.0001;0.0985;202
many;0.0001;0.0986;203
these;0.0001;0.0987;204
different;0.0001;0.0989;205
same;0.0001;0.099;206
very;0.0001;0.0991;207
ya;0.0001;0.0992;208
when;0.0001;0.0993;209
on;0.0001;0.0994;210
or;0.0001;0.0995;211
your;0.0001;0.0996;212
hill;0.0001;0.0998;213
an;0.0001;0.0999;214
at;0.0001;0.1;215
again;0.0001;0.1001;216
you;0.0001;0.1002;217
really;0.0001;0.1003;218
time;0.0001;0.1004;219
to;0.0001;0.1006;220
me;0.0001;0.1007;221
will;0.0001;0.1008;222
two;0.0001;0.1009;223
already;0.0001;0.101;224
someone;0.0001;0.1011;225
house;0.0001;0.1012;226
kind;0.0001;0.1014;227
something;0.0001;0.1015;228
also;0.0001;0.1016;229
most;0.0001;0.1017;230
bug;0.0001;0.1018;231
his;0.0001;0.1019;232
him;0.0001;0.102;233
both;0.0001;0.1021;234
last;0.0001;0.1023;235
day;0.0001;0.1024;236
another;0.0001;0.1025;237
some;0.0001;0.1026;238
pet;0.0001;0.1027;239
Jumping;0.0001;0.1028;240
be;0.0001;0.1029;241
this;0.0001;0.1031;242
great;0.0001;0.1032;243
from;0.0001;0.1033;244
of;0.0001;0.1034;245
them;0.0001;0.1035;246
our;0.0001;0.1036;247
could;0.0001;0.1037;248
their;0.0001;0.1039;249
which;0.0001;0.104;250
who;0.0001;0.1041;251
why;0.0001;0.1042;252
with;0.0001;0.1043;253
tape;0.0001;0.1044;254
he;0.0001;0.1045;255
she;0.0001;0.1046;256
almost;0.0001;0.1048;257
whole;0.0001;0.1049;258
not;0.0001;0.105;259
five;0.0001;0.1051;260
leaf;0.0001;0.1052;261
but;0.0001;0.1053;262
hi;0.0001;0.1054;263
other;0.0001;0.1056;264
